1 10
100 200
201 210
900 1000
1000 900
210 201
200 100
10 1
1 1
1 2
2 1
999999 999999
999998 999999
999999 999998
10 20
30 40
50 60
70 80
90 100
350 750
355 755
360 760
365 765
370 770
375 775
380 780
500 4342
51243 23425
23542 23464
645635 563333
356565 345643
85674 6365
543253 435344
34543 35435
5345 34534
534534 76756
98968 63546
245545 43567
68609 76473
74584 45235
8748 56887
134555 779777
048030 39
3209 998430
36200 1
999999 44
387392 38202
82 28392
3720 32003
39200 3929
38293 283
392 38
40 380404
204302 84830
9 4949
10101 0101
385030 83747
399 839
05720 890
02847 284920
999820 809389
830394 84024
98304 4839
430403 49025
58 49038
9403 90384
2 393
000002 4802
20498 4829
320493 3920
38283 3540
009 9430
99 490
58 8204
4895 48039
4803 48939
6580 209405
04793 590
49 2049
60598 284509
90 46798
0309 2098
267 409895
4980 4802
482098 480298
472 2499
12987 3098
60489 2374 
40598 60948 
3630 37403
639204 483947
947248 384384
2649 4720
4789 26
7 47
3820 42048 
847 2470
470 9470
3462 345278
468 4694
63928 3792
2398 3729
372 374003
348 2049